"year","yearly_avg_temp","yearly_avg_precip"
1985,14.5442464736451,1.66158415841584
1986,14.7147410358566,2.10842911877395
1987,14.6551630434783,2.13897590361446
1988,15.4404659717964,2.29307042253521
1989,14.7889332572732,2.49701101206083
1990,14.7151785714286,2.23531390134529
1991,14.9250644329897,2.14581577363034
1992,13.6907371167645,1.79952606635071
1993,13.6190897597977,2.58186487554326
1994,15.2170399648661,2.15550811272417
1995,13.5094736842105,2.16918238993711
1996,13.4463736263736,1.80384324119652
1997,14.0088184931507,2.11482377332412
1998,15.4284809071202,2.14115674769489
1999,12.9573883161512,2.15845379243138
2000,13.4432069131061,1.75486099951792
2001,14.6242433104255,1.53455710955711
2002,13.6970256929503,1.75249152755115
2003,14.5699617403684,1.45553780617678
2004,13.4026672275978,2.01573729863693
2005,13.441292527575,2.47255501222494
2006,15.2923817794269,1.71142945163278
2007,14.9739994343091,1.7563042869151
2008,14.4132940681531,1.92605450236967
2009,13.4708667618251,1.54470404081396
2010,13.1364507584878,2.42676912489964
2011,13.9711051312981,2.20436926304747
2012,14.8370501979129,2.28014988963606
2013,14.8899772313297,2.06758130081301
2014,14.3392427597586,1.98837047699409
2015,14.8236081533313,1.49029063078385
2016,14.7934534477879,2.53709914680788
2017,15.3482097715678,1.6506093712066
2018,15.6223656559592,1.604212
2019,13.7404949104949,1.93017907564274
2020,14.3845632898136,2.40453337383249
2021,15.6007809556431,1.46730178932395
2022,15.1527257403364,1.97978541310066
2023,16.3668057809723,1.84550343344089
